5
5
1 9 28 68
2 1 17 59
3 4 24 34
4 9 26 56
5 1 10 3

10
1 7 25 19
2 5 24 37
3 4 34 99
4 1 20 73
5 1 27 49
6 10 22 95
7 3 34 94
8 3 10 73
9 10 30 72
10 3 16 79

15
1 10 27 17
2 7 6 9
3 10 26 53
4 6 9 21
5 5 29 90
6 9 8 38
7 3 22 15
8 3 20 74
9 9 32 15
10 3 31 58
11 8 9 100
12 8 31 57
13 2 9 72
14 1 5 41
15 3 16 66

20
1 4 23 25
2 1 12 21
3 2 17 73
4 1 22 69
5 9 32 43
6 3 19 7
7 2 30 13
8 10 21 31
9 2 26 90
10 10 13 6
11 10 26 9
12 5 33 90
13 9 30 23
14 1 8 74
15 6 34 36
16 5 25 42
17 1 25 27
18 1 5 47
19 7 23 57
20 8 34 47

25
1 1 30 31
2 4 5 31
3 8 22 7
4 8 10 41
5 1 33 62
6 7 24 18
7 1 6 55
8 3 8 48
9 10 8 11
10 5 16 15
11 2 10 76
12 7 8 46
13 8 33 95
14 3 30 62
15 10 29 27
16 8 26 97
17 4 12 58
18 6 10 22
19 4 17 42
20 10 27 95
21 10 10 33
22 3 6 20
23 9 19 86
24 3 5 4
25 6 18 55

